-12980.861223
-12909.004632
-12885.784821
-12843.093292
-12798.295914
-12759.321501
-12646.804551
-12535.914356
-12517.026766
-10832.058942
-10800.809771
-10767.859429
-10674.018061
-10668.808298
-10663.251251
-10640.978294
-10559.831000
-10546.561547
-10521.464055
-10418.364704
-8748.997061
-8726.313546
-8643.512503
-8604.681524
-8542.033891
-8461.006830
-8448.186732
-8431.477474
-8418.612052
-8336.450152
-8238.198253
-8219.039702
-8114.404219
-7833.955750
-7797.432346
-7796.868903
-7705.598252
-7699.379280
-6504.144598
-6470.698984
-6453.324502
-6382.072413
-6361.243016
-6333.071863
-6219.908101
-6006.908508
-5991.289822
-5976.494248
-5976.409934
-5974.767137
-5942.192252
-5891.214159
-5828.286878
-5770.763171
-3235.048913
-3194.592362
-3098.479966
-3031.355284
-3001.220585
-2962.816282
-2928.582482
-2808.664872
-2444.135404
3943.759353
3951.287969
4139.909705
4175.299352
4227.846286
7906.341166
8329.032366
8349.152392
8385.079704
8435.359131
8451.251532
8502.826766
8526.198268
8535.050456
8598.496178
8623.879649
8634.072476
8683.011359
8711.950133
8849.429014
8934.219523
9004.648942
9729.613104
9765.579942
9796.096029
9846.939129
9876.077941
33999.816697
