-56055.937541
-55919.626028
-55866.728457
-55821.133752
-55789.682344
-55761.315010
-55722.833773
-55618.377696
-55581.167237
-54361.692128
-54318.913883
-54311.365481
-54259.539655
-54259.046127
-54219.175100
-54217.207706
-54207.117438
-54201.042766
-54200.672099
-54184.418913
-52709.071074
-52672.028303
-52668.010904
-52623.613106
-52618.504255
-52604.311109
-52602.165042
-52582.020672
-52580.877430
-52577.806386
-52554.780731
-52532.477395
-52524.733287
-50910.058427
-50907.674725
-50893.637860
-50891.911146
-50885.349536
-50877.408720
-50873.733238
-50867.126464
-50866.896374
-50862.469598
-50842.024904
-50837.127206
-50835.492841
-50807.082107
-50801.657401
-49347.219615
-49299.444445
-49283.667653
-49250.729755
-49231.739811
-49157.199420
-49140.419229
-49078.868347
-49075.772863
-49046.217381
-48944.065943
-48926.436742
-48843.154396
-48839.946188
-48774.125101
-48772.508633
-48750.291619
-43538.673698
-43517.928223
-43504.686411
-43156.088535
-43110.426346
-43094.788553
-43028.967461
-43014.842046
-42327.457134
-42279.965192
-42262.504839
-42231.101973
-42217.831267
-42182.820548
-42162.146402
-41515.363675
-41511.261462
-41511.227248
-41511.093467
-41510.316372
-41360.765429
-41328.584358
-41273.650850
-41271.642028
-41269.453988
-41264.618643
-41238.069866
-41197.050817
-41162.975841
-40009.356167
-40004.517748
-40004.215896
-40002.474864
-39942.131435
-39928.195463
-39906.660721
-39906.192140
-39879.913469
-39846.292154
-39831.550111
-38938.035021
-38921.599198
-38918.596580
-38915.693073
-38915.196184
-38912.611213
-38904.133763
-38901.794440
-38897.023925
-38891.693515
-38883.713245
-38883.536260
-38870.457431
-38321.018123
-38269.920229
-38259.296244
-38231.805695
-38218.124290
-38046.659035
-38039.207535
-38034.111919
-38005.103423
-37999.421210
-37975.039193
-37964.794338
-37957.177503
-37909.983244
-37742.675419
-37727.374570
-37726.813947
-37704.101016
-37703.149242
-37658.295890
-37624.784075
-37619.105076
-37585.425544
-37575.520228
-37559.811499
-37555.820810
-37546.829895
-37524.285130
-37519.444202
-37514.011668
-37498.962246
-37480.691182
-37456.769662
-37375.829933
-37356.039079
-37342.537907
-36119.437081
-36103.593613
-36094.468236
-36094.422985
-36086.432893
-36083.152213
-36050.932265
-36041.633068
-36014.641522
-35988.847007
-35971.125073
-35965.288500
-35933.753263
-35926.453847
-35880.376800
-35875.677766
-35860.549251
-35860.382711
-35859.932680
-35811.123209
-35809.049773
-35766.512387
-35763.005550
-35757.963246
-35742.532466
-35669.391902
-35668.424853
-35661.816511
-35650.021010
-35624.548210
-35619.737262
-35593.388827
-35569.785965
-35557.444802
-35500.699232
-35449.270765
-35438.699919
-34154.961113
-34148.322920
-34100.326661
-34081.675744
-34055.655019
-34049.048117
-33998.858519
-33707.873882
-33705.957940
-33698.283989
-33679.040912
-33673.746270
-33662.892701
-33649.685230
-33641.347694
-33628.113067
-33624.791529
-33605.165447
-33572.626431
-33511.078938
-33510.906297
-33505.145425
-33491.577003
-33434.576328
-33416.214848
-33410.333204
-33365.267977
-33364.095496
-33294.861068
-33284.337040
-33253.461680
-32928.884299
-32863.235927
-32824.999572
-32788.640526
-32784.962392
-32391.918805
-32389.442259
-32264.615389
-32252.192052
-32250.958411
-32203.881110
-32202.078293
-32139.088094
-32135.915558
-32127.523624
-32123.532345
-32071.840985
-32065.026822
-32049.903745
-32045.883118
-31829.661491
-31820.654625
-31815.093895
-31420.538142
-31391.864003
-31390.601447
-31379.921681
-31359.425156
-31349.284611
-31291.585376
-31281.287872
-31273.646282
-31265.342187
-31259.060703
-31246.990835
-31237.207447
-31230.277818
-31204.383867
-31193.937853
-31189.860396
-31180.667324
-31168.157115
-31167.255828
-31145.397084
-31129.912661
-31107.722423
-31087.728664
-31037.216655
-31033.143756
-31027.512299
-31014.344191
-30988.899172
-30984.272856
-30980.840417
-30934.030906
-30927.782087
-30905.418075
-30897.039241
-30889.699626
-30883.258145
-30830.142065
-30791.480103
-30238.003237
-30225.428421
-30223.788760
-30222.178427
-30213.436953
-30208.397899
-30196.922249
-30182.773428
-30160.986275
-30155.762198
-30106.629136
-30067.269967
-30059.810962
-30053.689876
-30028.085395
-30015.685732
-30010.405791
-29984.015160
-29976.179943
-29970.066288
-29967.411136
-29942.197475
-29933.706245
-29923.018364
-29913.384487
-29905.145256
-29902.386686
-29887.660036
-29878.899535
-29846.936899
-29841.890537
-29835.995703
-29834.925151
-29794.463608
-29776.996519
-29753.680269
-29743.648231
-29698.604614
-29692.182701
-29584.101264
-29565.731952
-29556.323526
-29522.046608
-29515.828288
-29478.128869
-29463.093627
-29460.249167
-29449.769375
-29442.614640
-28772.038236
-28761.873625
-28743.070410
-28728.823284
-28708.220814
-28707.278933
-28702.620925
-28673.657635
-28657.966195
-28652.486013
-28617.531689
-28601.931394
-28596.843924
-28580.979474
-28570.418649
-28558.021691
-28542.691558
-28516.349193
-28503.853058
-28499.917049
-27980.907405
-27969.179575
-27932.324880
-27209.467413
-27185.080493
-27184.914353
-27165.004906
-27093.623231
-27044.436931
-27015.630495
-26997.438733
-26992.684459
-26981.081814
-26948.218542
-26945.518287
-26924.681819
-26902.058642
-26898.729816
-26879.300701
-26794.597077
-26770.318961
-26714.943294
-26675.163241
-26654.204305
-26649.947583
-26633.939579
-26613.949637
-26593.953671
-26589.830737
-26573.908538
-26554.998983
-26553.162655
-26536.031587
-26510.123332
-26506.943039
-26459.768069
-26447.316001
-26431.451475
-26413.889024
-26395.158479
-26382.294865
-26358.699339
-26278.221586
-26277.966643
-26251.992381
-26209.603659
-26209.538150
-26178.207795
-26176.099178
-26166.434354
-26160.197735
-26012.291505
-26009.920194
-25964.621158
-25943.871699
-25932.018931
-25906.372777
-25857.698715
-25846.480054
-25835.407875
-25834.527698
-25821.866034
-25784.061121
-25781.364994
-25766.818882
-25754.491465
-25752.610207
-25749.819138
-25745.684142
-25728.846436
-25714.288160
-25713.318441
-25712.556341
-25702.941557
-25698.786014
-25689.569809
-25662.760870
-25662.571929
-25649.634089
-25625.070292
-25614.225490
-25540.387891
-25524.820625
-25521.354759
-25490.047774
-25455.353842
-25439.595795
-25398.045742
-25258.366593
-25239.410639
-25238.320597
-25237.605960
-25235.718651
-25231.039294
-25201.177573
-25199.777924
-25180.392238
-25169.458541
-25137.035105
-25128.838096
-25128.357096
-25118.793572
-25116.409919
-25116.282760
-25110.511151
-25098.417173
-25084.994012
-25083.413054
-25061.079816
-25013.433121
-24904.549015
-24893.790174
-24887.381609
-24880.705408
-24872.293434
-24834.687480
-24813.303429
-24812.617850
-24803.823008
-24744.340401
-24675.304924
-24656.975184
-24608.125087
-24608.112932
-24606.058875
-24129.579523
-24123.417855
-24012.037528
-23998.627377
-23993.676539
-23967.903201
-23951.755067
-23440.404210
-23438.762393
-23395.298372
-23389.947978
-23385.976411
-23361.300861
-23359.628370
-23351.214508
-23345.759956
-23339.314679
-23335.061375
-23319.480222
-23316.845269
-23316.813883
-23285.812474
-23270.251852
-22492.018163
-22411.999330
-22409.711670
-22342.003077
-22312.028851
-22271.443101
-22257.808422
-22239.403721
-22190.296763
-21943.777979
-21927.686888
-21925.738404
-21923.285769
-21803.652456
-20142.573747
-20133.854332
-20057.841475
-20055.934385
-20041.552504
-20006.207255
-20001.835279
-19958.961425
-19921.345978
-19782.384490
-19781.788627
-19759.881728
-19739.689293
-19735.754723
-19723.028656
-19717.573901
-19713.331955
-19701.548665
-19693.435185
-19663.807857
-19652.648165
-19612.797637
-19229.208709
-19121.238767
-19110.796285
-19074.023421
-19059.858028
-19049.269403
-18999.734845
-18971.257201
-18929.437288
-18897.033497
-18858.282709
-18858.085088
-18854.883744
-18840.544817
-18791.113615
-18774.728633
-18749.587211
-18708.509906
-18678.181156
-18662.512189
-18350.427364
-18341.508952
-18331.308268
-18315.964192
-18253.878856
-18250.393893
-18221.501391
-18172.385381
-18144.933758
-18117.366324
-18089.791551
-17443.881733
-17428.366345
-17396.217390
-17393.381679
-17381.375138
-17366.064162
-17262.856232
-17261.953663
-17253.168515
-17247.469483
-17228.356092
-17187.188461
-17160.293796
-17142.066272
-17102.242184
-17063.419685
-16977.332390
-16918.420422
-16823.049291
-16737.140665
-16448.494082
-16431.077821
-16424.860207
-16405.655245
-16390.530830
-16387.647781
-16387.275813
-16376.296790
-16329.826607
-16312.436446
-16310.417897
-16301.289158
-16292.240508
-15360.509720
-15320.696809
-15246.145488
-15224.238125
-15215.031321
-15211.108172
-15205.652551
-15183.229562
-15173.784077
-15158.887223
-15107.466100
-15107.201316
-15085.868933
-15085.260871
-15063.949485
-15018.033867
-13772.158398
-13753.075531
-13737.906495
-13730.981806
-13728.443305
-13661.590626
-13656.585187
-13636.008623
-13616.908655
-13572.174755
-13555.816138
-13085.113737
-13050.488010
-13039.928333
-13036.335617
-13029.280844
-13020.603740
-13004.494325
-12997.169001
-12971.089610
-12738.864709
-12721.006193
-12682.239586
-12679.737738
-12647.231031
-12361.699334
-12242.304807
-12232.188169
-12177.914593
-12176.359199
-12124.588448
-12104.176514
-12085.021758
-12053.934402
-12028.176786
-12025.804797
-12019.256090
-11991.564977
-11969.152130
-11941.083627
-11907.806428
-11901.940941
-11846.336959
-11798.077643
-11797.495422
-11791.757323
-11787.949555
-11787.707376
-11766.343710
-11765.842174
-11744.022191
-11680.931406
-11652.643628
-11641.613950
-11619.674036
-11619.239942
-11570.914609
-11563.125824
-11546.037278
-11512.143356
-11503.529786
-11493.663087
-11492.400848
-11464.798516
-11356.473082
-11350.484875
-11342.975445
-11314.280227
-11295.053088
-11252.764250
-11213.357651
-11210.128803
-11205.120032
-11179.244871
-11175.994554
-11099.679547
-11078.799149
-11067.888151
-11063.835508
-11035.893049
-11035.486521
-11034.354221
-10945.629821
-10923.285712
-10913.488525
-10896.228751
-10873.005968
-10841.249194
-10832.158489
-10818.549105
-10792.194799
-10754.404108
-10740.092852
-10737.769157
-10715.041936
-10667.222551
-10662.721739
-10657.493509
-10639.109478
-10621.539145
-10619.101276
-10604.721038
-10591.901213
-10583.714380
-10551.234173
-10547.412603
-10546.510952
-10524.712179
-10512.238179
-10495.691052
-10467.581953
-10465.522973
-10429.357011
-10425.660830
-10416.216162
-10409.634948
-10402.859693
-10378.951481
-10017.875812
-10016.026873
-9997.490539
-9943.869630
-9929.224512
-9861.751006
-9849.094722
-9840.390650
-9828.628187
-9816.320847
-9798.497082
-9796.678304
-9792.946448
-8534.507137
-8414.012984
-8403.374762
-8341.512703
-8339.429209
-8336.487983
-8285.078142
-8281.181727
-8229.704322
-7740.960009
-6288.983785
-6275.302471
-6257.055269
-6192.973095
-6183.972222
-6120.319304
-6093.316796
-6081.000970
-6056.262272
-6017.243758
-5962.318454
-5934.270091
-5929.081291
-5926.030673
-5784.240006
-5779.184746
-5755.668208
-5534.484544
-5533.212066
-5523.159614
-5348.570284
-5332.419603
-5273.798800
-5223.927104
-5177.471770
-5173.738588
-5171.616161
-5144.162153
-5072.173570
-5064.345996
-4986.248395
-4655.129423
-4633.235405
-4575.566772
-4562.848376
-4528.243925
-4510.033364
-4489.809741
-4481.970636
-4477.365999
-4415.365182
-4369.642599
-4368.044507
-4358.360033
-3948.190033
-3939.660409
-3923.225796
-3867.381185
-3842.941747
-3828.949517
-3799.762086
-3798.173759
-3748.532653
-3707.939208
-3645.863629
-3634.948845
-3586.958757
-3579.973903
-3577.267358
-2462.057952
-2460.370930
-2434.332183
-2423.492238
-2413.831470
-2409.606298
-2389.365267
-2382.356529
-2323.140417
-2320.926368
-2280.991283
-2257.621613
-2255.657452
-2239.562465
-2223.961370
-2201.033105
-2200.183025
-2173.110857
-2150.229659
-2125.005693
-2121.955178
-1538.794740
-1526.569664
-1495.494163
-1489.263467
-1454.832433
-1449.928534
-1445.266206
-1417.430859
-1344.004078
-1296.423418
-1288.408653
-210.267903
-110.016902
-51.674405
1.896603
66.164471
125.115369
183.112504
212.249558
228.593149
337.705857
376.512020
497.593485
564.842477
1880.660926
1929.763236
1946.811289
1947.646177
2011.467968
2017.533611
2066.436289
2117.079579
2163.586415
2221.708730
2224.762179
2231.619210
2257.951886
2349.658079
2412.580843
2419.727834
2795.074059
2818.726962
2849.629202
2859.969936
2909.879380
5240.696916
5258.297552
5260.694166
5264.232845
5285.292768
5342.599744
5347.301514
5857.713225
5867.511702
5868.826933
6251.752722
6251.773906
6253.812324
6269.458693
6285.786766
11865.186226
12473.763344
12489.364798
12528.450541
12570.806183
12609.510218
12613.526208
12702.840094
12706.628683
12729.460870
12820.093641
12821.794154
14053.507669
14060.631923
14074.077569
14081.308816
14086.336270
14094.739768
14110.629370
14123.545635
14161.910426
14443.992956
14464.547690
14480.265144
14483.247072
14484.495535
14616.764412
14650.145305
14663.702021
14667.431812
14672.965875
14678.238179
14683.418236
17297.489628
17311.262287
17338.454682
17349.155446
17402.976535
17423.115375
17477.396404
17492.413572
17503.250591
17531.479467
17538.975265
17620.012059
17644.105621
17690.115620
17725.938836
17759.175238
17806.847850
17838.154822
17843.172301
17959.820968
17963.426393
18020.242321
18226.374290
18234.035900
18246.916426
18247.989211
18334.800959
18804.991003
18811.676305
18854.557943
18878.972129
18916.470152
18917.133196
18990.646614
19009.419070
19011.671816
19079.730209
19085.141493
19630.639638
19677.319298
19702.916978
19776.704244
19810.051497
19818.744457
19841.619995
19870.194180
19873.223613
19917.659981
19981.414435
20021.740291
20080.900656
21003.137124
21040.458349
21084.153714
22740.211167
31530.665187
31539.345911
31576.075200
31581.970860
31633.112648
31662.294819
31700.229810
31766.140612
31889.643002
52180.532062
52250.873841
52451.454952
52547.999320
52653.981232
70316.401838
